/h：[0.0193, 0.0193, 0.0197, 0.0199, 0.0208, 0.0217, 0.0221, 0.0224, 0.0224,
        0.0226, 0.0204, 0.0199, 0.0197, 0.0194, 0.0195, 0.0193, 0.0195, 0.0197,
        0.0193, 0.0195, 0.0197, 0.0198, 0.0189, 0.0188, 0.0189, 0.0194, 0.0195,
        0.0196, 0.0197, 0.0197, 0.0197, 0.0197, 0.0198, 0.0198, 0.0198, 0.0198,
        0.0199, 0.0199, 0.0199, 0.0200, 0.0200, 0.0200, 0.0201, 0.0201, 0.0201,
        0.0202, 0.0202, 0.0202, 0.0202, 0.0203]
/h**0.5:[0.0170, 0.0176, 0.0190, 0.0199, 0.0232, 0.0275, 0.0299, 0.0317, 0.0321,
        0.0330, 0.0217, 0.0194, 0.0185, 0.0177, 0.0179, 0.0172, 0.0179, 0.0188,
        0.0175, 0.0179, 0.0185, 0.0189, 0.0157, 0.0160, 0.0169, 0.0177, 0.0180,
        0.0182, 0.0183, 0.0184, 0.0185, 0.0185, 0.0186, 0.0187, 0.0188, 0.0189,
        0.0190, 0.0191, 0.0192, 0.0193, 0.0194, 0.0196, 0.0197, 0.0198, 0.0199,
        0.0201, 0.0202, 0.0203, 0.0204, 0.0205]
Vaswani:[0.0175, 0.0182, 0.0198, 0.0186, 0.0231, 0.0237, 0.0273, 0.0277, 0.0312,
        0.0317, 0.0212, 0.0195, 0.0193, 0.0216, 0.0208, 0.0201, 0.0197, 0.0195,
        0.0194, 0.0194, 0.0194, 0.0194, 0.0194, 0.0194, 0.0193, 0.0193, 0.0193,
        0.0192, 0.0192, 0.0191, 0.0191, 0.0190, 0.0189, 0.0189, 0.0188, 0.0187,
        0.0187, 0.0186, 0.0185, 0.0185, 0.0184, 0.0183, 0.0182, 0.0181, 0.0180,
        0.0180, 0.0179, 0.0178, 0.0177, 0.0176]